{
 "cells": [
  {
   "cell_type": "code",
   "execution_count": 1,
   "metadata": {},
   "outputs": [
    {
     "name": "stderr",
     "output_type": "stream",
     "text": [
      "/Users/jean/tensorflow/lib/python3.6/importlib/_bootstrap.py:219: RuntimeWarning: compiletime version 3.5 of module 'tensorflow.python.framework.fast_tensor_util' does not match runtime version 3.6\n",
      "  return f(*args, **kwds)\n"
     ]
    },
    {
     "name": "stdout",
     "output_type": "stream",
     "text": [
      "Successfully downloaded train-images-idx3-ubyte.gz 9912422 bytes.\n",
      "Extracting MNIST-data/train-images-idx3-ubyte.gz\n",
      "Successfully downloaded train-labels-idx1-ubyte.gz 28881 bytes.\n",
      "Extracting MNIST-data/train-labels-idx1-ubyte.gz\n",
      "Successfully downloaded t10k-images-idx3-ubyte.gz 1648877 bytes.\n",
      "Extracting MNIST-data/t10k-images-idx3-ubyte.gz\n",
      "Successfully downloaded t10k-labels-idx1-ubyte.gz 4542 bytes.\n",
      "Extracting MNIST-data/t10k-labels-idx1-ubyte.gz\n",
      "INFO:tensorflow:Using default config.\n",
      "INFO:tensorflow:Using config: {'_model_dir': '/tmp/mnist_convnet_model', '_tf_random_seed': None, '_save_summary_steps': 100, '_save_checkpoints_steps': None, '_save_checkpoints_secs': 600, '_session_config': None, '_keep_checkpoint_max': 5, '_keep_checkpoint_every_n_hours': 10000, '_log_step_count_steps': 100, '_service': None, '_cluster_spec': <tensorflow.python.training.server_lib.ClusterSpec object at 0x114205f28>, '_task_type': 'worker', '_task_id': 0, '_master': '', '_is_chief': True, '_num_ps_replicas': 0, '_num_worker_replicas': 1}\n",
      "INFO:tensorflow:Create CheckpointSaverHook.\n",
      "INFO:tensorflow:Saving checkpoints for 1 into /tmp/mnist_convnet_model/model.ckpt.\n",
      "INFO:tensorflow:probabilities = [[ 0.10901272  0.10054219  0.10290059  0.0997983   0.09935189  0.09339493\n",
      "   0.09017966  0.09924839  0.09446535  0.11110599]\n",
      " [ 0.10723207  0.08801058  0.11450723  0.09343895  0.11337522  0.09881249\n",
      "   0.0974187   0.08011559  0.11283349  0.09425566]\n",
      " [ 0.09996279  0.10179905  0.09834134  0.09798393  0.0905811   0.09566204\n",
      "   0.0903883   0.10308498  0.10826032  0.1139361 ]\n",
      " [ 0.10185285  0.09039488  0.09486838  0.11104507  0.11893877  0.0867332\n",
      "   0.0875908   0.10365647  0.10579955  0.09912001]\n",
      " [ 0.10007536  0.10180774  0.0935856   0.09908219  0.10115523  0.09598133\n",
      "   0.0877407   0.11188772  0.10215198  0.10653212]\n",
      " [ 0.11049043  0.10159395  0.10571999  0.11346738  0.10244428  0.0896809\n",
      "   0.08106074  0.09388637  0.09705063  0.10460536]\n",
      " [ 0.09928302  0.10992193  0.10209998  0.09811032  0.10732473  0.0974797\n",
      "   0.08851615  0.09185668  0.10223242  0.10317501]\n",
      " [ 0.10642181  0.09645744  0.11074921  0.09826677  0.09536198  0.09787156\n",
      "   0.08579218  0.10714252  0.09658498  0.10535157]\n",
      " [ 0.10200579  0.10508092  0.10012472  0.10217787  0.09719804  0.09444622\n",
      "   0.09416748  0.10084793  0.09671345  0.10723756]\n",
      " [ 0.09429354  0.10261089  0.10762675  0.11041027  0.10257658  0.08986678\n",
      "   0.10729826  0.08690615  0.10048627  0.09792455]\n",
      " [ 0.12816407  0.09389833  0.10790307  0.10946546  0.10049015  0.09283929\n",
      "   0.0866771   0.09195925  0.09993707  0.0886662 ]\n",
      " [ 0.11150309  0.09877639  0.09795562  0.09432296  0.11025222  0.10056023\n",
      "   0.0826795   0.08901463  0.10555413  0.10938124]\n",
      " [ 0.10323008  0.09892678  0.09276225  0.10002309  0.11080888  0.08432197\n",
      "   0.09169237  0.11006857  0.10966966  0.0984963 ]\n",
      " [ 0.11104187  0.10080658  0.1057352   0.10348239  0.11362068  0.091876\n",
      "   0.09078678  0.09369157  0.09940946  0.08954949]\n",
      " [ 0.1114005   0.09787761  0.11682761  0.09863411  0.11686044  0.10479745\n",
      "   0.08692683  0.08493415  0.08856476  0.0931766 ]\n",
      " [ 0.12001678  0.09080925  0.10007554  0.11800383  0.1110432   0.09391651\n",
      "   0.07625367  0.09739608  0.0982824   0.09420273]\n",
      " [ 0.09585324  0.10950329  0.09395117  0.11436031  0.09953914  0.09803843\n",
      "   0.0870107   0.09906223  0.09746131  0.10522014]\n",
      " [ 0.10547638  0.10534107  0.09942327  0.11514462  0.09417949  0.09598139\n",
      "   0.08183055  0.09573182  0.10447762  0.10241371]\n",
      " [ 0.09990077  0.0997373   0.10045278  0.10636222  0.09880153  0.0952341\n",
      "   0.08878133  0.09759019  0.10349282  0.10964701]\n",
      " [ 0.10574424  0.08683638  0.11078727  0.09260487  0.1256032   0.08365627\n",
      "   0.08752929  0.10005499  0.10512943  0.10205398]\n",
      " [ 0.10706916  0.1019781   0.09261268  0.1088606   0.10912359  0.09288514\n",
      "   0.08546133  0.09280209  0.10831101  0.10089619]\n",
      " [ 0.0935213   0.09721962  0.10858113  0.09079009  0.11410539  0.08661353\n",
      "   0.07830667  0.10159639  0.11794969  0.11131623]\n",
      " [ 0.10885368  0.10553187  0.09946667  0.10301118  0.1074186   0.09672657\n",
      "   0.09409295  0.09187295  0.09692275  0.09610285]\n",
      " [ 0.09807415  0.10007022  0.09950902  0.1207638   0.1006197   0.08643394\n",
      "   0.09965568  0.09895699  0.1069699   0.08894662]\n",
      " [ 0.10190957  0.10508141  0.08937924  0.11449155  0.11107174  0.09277026\n",
      "   0.07954241  0.0832748   0.10692777  0.11555123]\n",
      " [ 0.10020783  0.10645045  0.10843059  0.11009447  0.10623363  0.08591981\n",
      "   0.08954921  0.09362848  0.10044597  0.09903961]\n",
      " [ 0.10491389  0.0943017   0.09425666  0.09799428  0.09543468  0.09554915\n",
      "   0.08910632  0.119909    0.10319279  0.10534152]\n",
      " [ 0.11009081  0.10306049  0.11083957  0.11581171  0.10734463  0.08811319\n",
      "   0.08271928  0.09539463  0.09417316  0.09245256]\n",
      " [ 0.1120203   0.10104445  0.10463571  0.11533018  0.11253647  0.08479493\n",
      "   0.08148773  0.09243097  0.09997829  0.09574097]\n",
      " [ 0.09158111  0.10076559  0.09589588  0.11914804  0.11699755  0.08417291\n",
      "   0.0916057   0.09881992  0.10402174  0.09699161]\n",
      " [ 0.09832378  0.10435696  0.12003642  0.10388722  0.12510528  0.084227\n",
      "   0.08122921  0.09025093  0.10318907  0.08939407]\n",
      " [ 0.10116955  0.10105601  0.10534476  0.09839951  0.10274552  0.09739642\n",
      "   0.09194283  0.09972547  0.10049588  0.101724  ]\n",
      " [ 0.10036587  0.10129659  0.10337508  0.11400889  0.09929555  0.09701739\n",
      "   0.08998929  0.09958308  0.0974823   0.09758592]\n",
      " [ 0.09377727  0.09180155  0.10549338  0.11416441  0.12037148  0.10061477\n",
      "   0.08469278  0.09814413  0.09212067  0.09881961]\n",
      " [ 0.10185127  0.1157644   0.09798337  0.11674721  0.09384083  0.09861031\n",
      "   0.08190285  0.09136558  0.10485151  0.0970827 ]\n",
      " [ 0.10055557  0.10526371  0.11103507  0.11600187  0.12140009  0.09334216\n",
      "   0.07377002  0.09191109  0.10173072  0.08498969]\n",
      " [ 0.10100413  0.09484307  0.10283351  0.10053653  0.10151369  0.0952756\n",
      "   0.09182803  0.10656769  0.11174271  0.09385506]\n",
      " [ 0.1042486   0.10386154  0.09300117  0.10686536  0.0935503   0.09436986\n",
      "   0.09322204  0.1063735   0.09262913  0.11187853]\n",
      " [ 0.10301305  0.09357081  0.09961748  0.10182067  0.11615838  0.10405137\n",
      "   0.08158627  0.09728271  0.09984683  0.10305241]\n",
      " [ 0.08997449  0.11487211  0.11470051  0.10707608  0.10401483  0.09984608\n",
      "   0.08071682  0.10027035  0.09168399  0.09684483]\n",
      " [ 0.10983675  0.09860972  0.10253642  0.10783293  0.08901789  0.09878884\n",
      "   0.08787682  0.0998522   0.096562    0.10908642]\n",
      " [ 0.09508026  0.10217035  0.11642161  0.10206854  0.09939486  0.10351723\n",
      "   0.09104319  0.08987229  0.10042198  0.10000969]\n",
      " [ 0.11325777  0.09986544  0.09970474  0.10835794  0.09569822  0.09978046\n",
      "   0.08443732  0.0919409   0.09864183  0.10831545]\n",
      " [ 0.10640915  0.1036308   0.10514463  0.10235139  0.09876443  0.09343706\n",
      "   0.09904828  0.09472395  0.09729327  0.0991971 ]\n",
      " [ 0.1076692   0.09570003  0.11105225  0.09794423  0.10161735  0.09646316\n",
      "   0.08768608  0.09894182  0.10644491  0.09648096]\n",
      " [ 0.10560675  0.10544398  0.11587121  0.10293621  0.09196835  0.10010732\n",
      "   0.07465844  0.10839012  0.0961069   0.09891073]\n",
      " [ 0.10588583  0.1093979   0.10139892  0.10545515  0.10230336  0.08142096\n",
      "   0.09232868  0.10754576  0.10854885  0.0857146 ]\n",
      " [ 0.10093167  0.10143203  0.10353193  0.09936566  0.09982392  0.09292939\n",
      "   0.08159968  0.10165079  0.1148933   0.10384163]\n",
      " [ 0.09374923  0.11337456  0.11799123  0.10369868  0.12192744  0.08470318\n",
      "   0.08597988  0.09634419  0.08501368  0.09721789]\n",
      " [ 0.09982323  0.10259317  0.1015047   0.11166684  0.09385786  0.10061629\n",
      "   0.08788203  0.0973835   0.09652243  0.10814996]\n",
      " [ 0.09719034  0.10038166  0.11292668  0.11655542  0.10707902  0.08635283\n",
      "   0.08845349  0.09319045  0.09221825  0.10565187]\n",
      " [ 0.10654394  0.10362507  0.09790773  0.11700098  0.10386952  0.10012516\n",
      "   0.08752799  0.09654859  0.09287166  0.0939794 ]\n",
      " [ 0.1070173   0.11230704  0.1011506   0.0952233   0.09958898  0.09730799\n",
      "   0.08068945  0.09258063  0.1172061   0.09692858]\n",
      " [ 0.10396454  0.10207151  0.10182349  0.10967287  0.10425847  0.09319384\n",
      "   0.09753273  0.09939051  0.09463024  0.09346179]\n",
      " [ 0.10055532  0.09821711  0.11238282  0.10845666  0.09557039  0.10043871\n",
      "   0.09034413  0.09379239  0.09501024  0.10523224]\n",
      " [ 0.11000851  0.09580039  0.12228809  0.10414118  0.11944072  0.08763784\n",
      "   0.07533408  0.08673687  0.10016066  0.09845174]\n",
      " [ 0.11103255  0.10536613  0.1119123   0.10570402  0.0978673   0.08809338\n",
      "   0.07918944  0.09788086  0.09605851  0.10689551]\n",
      " [ 0.10152718  0.09731313  0.10454971  0.10463355  0.11476642  0.09619215\n",
      "   0.09488372  0.09687445  0.09586142  0.0933983 ]\n",
      " [ 0.10545786  0.08493645  0.11346696  0.11102653  0.10425133  0.09623086\n",
      "   0.08751363  0.0924463   0.10987368  0.09479639]\n",
      " [ 0.10248958  0.10673051  0.10364581  0.10593702  0.10791451  0.09226361\n",
      "   0.07933939  0.10096116  0.10337255  0.09734593]\n",
      " [ 0.10479838  0.10080869  0.1095928   0.095964    0.10430589  0.09913694\n",
      "   0.08345587  0.09819842  0.10686122  0.09687772]\n",
      " [ 0.10812339  0.10681341  0.09535147  0.11198204  0.10229374  0.08872382\n",
      "   0.07876914  0.0952813   0.10595401  0.10670764]\n",
      " [ 0.10462411  0.10756384  0.09687626  0.1016123   0.10110307  0.0966382\n",
      "   0.08904082  0.09895906  0.09608357  0.10749871]\n",
      " [ 0.11351563  0.09100141  0.09594972  0.10474508  0.10010884  0.09808416\n",
      "   0.08272772  0.10092524  0.10216883  0.11077334]\n",
      " [ 0.10289004  0.09199181  0.10337356  0.12083917  0.09368831  0.10090552\n",
      "   0.09228349  0.10436696  0.08912043  0.10054065]\n",
      " [ 0.09339535  0.1026979   0.10784733  0.122248    0.10786097  0.08246262\n",
      "   0.08777359  0.1017528   0.10585872  0.08810266]\n",
      " [ 0.09752495  0.10113861  0.10223618  0.10559722  0.10732409  0.09730615\n",
      "   0.09114557  0.09670099  0.10032597  0.10070027]\n",
      " [ 0.09823349  0.09777415  0.09493389  0.11091997  0.11333646  0.10371614\n",
      "   0.08607265  0.08572541  0.1053857   0.10390211]\n",
      " [ 0.09769862  0.10100333  0.09365748  0.1123853   0.09891834  0.09803294\n",
      "   0.08885731  0.09898763  0.10041658  0.11004242]\n",
      " [ 0.10123546  0.10651264  0.10318983  0.10580787  0.10048594  0.09249467\n",
      "   0.08781274  0.09921528  0.09619267  0.10705283]\n",
      " [ 0.11318115  0.10623177  0.09484184  0.11442249  0.09558222  0.0876274\n",
      "   0.07463511  0.10780195  0.10412693  0.1015491 ]\n",
      " [ 0.10621965  0.10773778  0.10030532  0.11997262  0.09987401  0.08081551\n",
      "   0.09329899  0.09665231  0.09905498  0.09606882]\n",
      " [ 0.09932888  0.10665973  0.08983888  0.1099241   0.09232076  0.09382863\n",
      "   0.08419605  0.10785053  0.10455718  0.11149523]\n",
      " [ 0.09771691  0.1092968   0.10619366  0.10381093  0.10847065  0.09716323\n",
      "   0.08186138  0.09983562  0.09259849  0.10305226]\n",
      " [ 0.09157721  0.09649878  0.09779482  0.10614438  0.1059764   0.09873971\n",
      "   0.08444477  0.10119903  0.09583812  0.12178668]\n",
      " [ 0.10184633  0.10627331  0.1004291   0.09645782  0.10204115  0.09732054\n",
      "   0.10472725  0.08837258  0.10494079  0.09759107]\n",
      " [ 0.12074019  0.0967878   0.09955485  0.09957419  0.10929691  0.08725155\n",
      "   0.09522503  0.09974219  0.09023573  0.10159162]\n",
      " [ 0.10248986  0.10443936  0.10403887  0.10842166  0.11105305  0.09206411\n",
      "   0.06696779  0.08799339  0.12777735  0.09475462]\n",
      " [ 0.10303973  0.10159459  0.11303756  0.10034748  0.12224068  0.07757407\n",
      "   0.09286504  0.09097464  0.10314122  0.095185  ]\n",
      " [ 0.10337756  0.11463712  0.09820078  0.10267945  0.11053596  0.10562392\n",
      "   0.08589429  0.0827586   0.1029797   0.09331258]\n",
      " [ 0.10909302  0.10203278  0.10415708  0.11031047  0.10645068  0.09305545\n",
      "   0.08636004  0.08694963  0.09686909  0.10472177]\n",
      " [ 0.10370574  0.10744039  0.10701618  0.10697898  0.097416    0.07899792\n",
      "   0.07361738  0.1115488   0.10866935  0.10460929]\n",
      " [ 0.09893227  0.10112467  0.10432541  0.10543834  0.1078368   0.09702397\n",
      "   0.08211975  0.099832    0.10077928  0.10258754]\n",
      " [ 0.10547725  0.09985397  0.10342671  0.10780664  0.10069246  0.08826201\n",
      "   0.09665364  0.10999258  0.09121849  0.09661619]\n",
      " [ 0.11143012  0.09297221  0.11128815  0.12203868  0.1137697   0.09125783\n",
      "   0.08065601  0.08443213  0.10584938  0.08630577]\n",
      " [ 0.10106173  0.11047036  0.11362757  0.10557187  0.10240965  0.08934727\n",
      "   0.09527457  0.09083528  0.09399869  0.09740301]\n",
      " [ 0.09739383  0.1109386   0.1043058   0.09941591  0.09564685  0.09659689\n",
      "   0.10066384  0.10015118  0.09617704  0.09871   ]\n",
      " [ 0.09953883  0.10850861  0.10248404  0.10776966  0.11575272  0.08939132\n",
      "   0.0830219   0.10193504  0.0918223   0.09977555]\n",
      " [ 0.10265011  0.09922617  0.1218813   0.1112355   0.10900118  0.09144595\n",
      "   0.08144077  0.09888513  0.08711307  0.09712085]\n",
      " [ 0.09952505  0.11152144  0.10538183  0.10014306  0.10395701  0.0944924\n",
      "   0.08141966  0.09408116  0.10603315  0.10344519]\n",
      " [ 0.10053966  0.09809565  0.09863266  0.10854514  0.09496033  0.10537893\n",
      "   0.08701403  0.09695124  0.10510097  0.10478143]\n",
      " [ 0.10894982  0.10264471  0.09689162  0.10311091  0.1007592   0.09215811\n",
      "   0.08834524  0.1013002   0.10619745  0.09964271]\n",
      " [ 0.10791412  0.10290259  0.10438339  0.10376112  0.095018    0.09646852\n",
      "   0.08725393  0.09312081  0.10648627  0.10269126]\n",
      " [ 0.10727295  0.09417506  0.10333611  0.10495514  0.0985906   0.09549466\n",
      "   0.08935691  0.10080542  0.09737746  0.10863566]\n",
      " [ 0.09725697  0.10865893  0.12583348  0.09805136  0.10694859  0.10550041\n",
      "   0.08434705  0.08412132  0.09714364  0.09213827]\n",
      " [ 0.11104655  0.10480532  0.10360974  0.10551086  0.10181923  0.10219195\n",
      "   0.0810659   0.08787645  0.10431082  0.09776313]\n",
      " [ 0.09991464  0.10132735  0.10518219  0.11892571  0.10067775  0.09558222\n",
      "   0.0921325   0.0900683   0.09007583  0.10611357]\n",
      " [ 0.09523208  0.09763061  0.10320129  0.10762394  0.10342952  0.09550748\n",
      "   0.09311687  0.10228898  0.10086188  0.10110736]\n",
      " [ 0.10380783  0.09651049  0.0960024   0.1042861   0.10272495  0.10144521\n",
      "   0.09200934  0.0986933   0.09811631  0.10640401]\n",
      " [ 0.10140389  0.09728438  0.11432099  0.11532979  0.11739808  0.09131054\n",
      "   0.08147842  0.09687494  0.08580691  0.09879206]]\n"
     ]
    },
    {
     "name": "stdout",
     "output_type": "stream",
     "text": [
      "INFO:tensorflow:loss = 2.28662, step = 1\n",
      "INFO:tensorflow:probabilities = [[ 0.09309661  0.10297032  0.10720419  0.09106574  0.11211679  0.09159681\n",
      "   0.09573337  0.10283562  0.10331403  0.10006651]\n",
      " [ 0.10490849  0.0992522   0.09768761  0.09580225  0.10411977  0.09506693\n",
      "   0.09030811  0.09523697  0.10698562  0.11063206]\n",
      " [ 0.11025731  0.10093971  0.11611777  0.12074716  0.0980835   0.08548597\n",
      "   0.07536225  0.08542823  0.1124697   0.09510835]\n",
      " [ 0.09769301  0.10579164  0.10608072  0.11118609  0.10823523  0.08876665\n",
      "   0.08565447  0.09629013  0.09771429  0.10258782]\n",
      " [ 0.10656991  0.09570286  0.10705812  0.10795601  0.08821899  0.10153902\n",
      "   0.09436115  0.10473741  0.09497012  0.09888643]\n",
      " [ 0.09514616  0.1013758   0.09681703  0.10745957  0.09675615  0.09913342\n",
      "   0.09263905  0.10059585  0.09819967  0.11187736]\n",
      " [ 0.09118837  0.10400736  0.11229426  0.10440533  0.1176769   0.09348953\n",
      "   0.08265309  0.090485    0.10365394  0.10014622]\n",
      " [ 0.11118525  0.09724623  0.09934881  0.10525143  0.10468041  0.09586152\n",
      "   0.09689683  0.08800102  0.09711359  0.1044149 ]\n",
      " [ 0.10580678  0.1034978   0.09623705  0.09775308  0.10260421  0.0982032\n",
      "   0.08829255  0.10325377  0.09683603  0.10751554]\n",
      " [ 0.09244289  0.09323873  0.12043946  0.10670342  0.12369028  0.09128011\n",
      "   0.08747289  0.09091742  0.09776629  0.09604845]\n",
      " [ 0.11093423  0.09492369  0.10162302  0.09588785  0.10446386  0.08968811\n",
      "   0.09384547  0.09496604  0.11166804  0.10199977]\n",
      " [ 0.11107893  0.10123859  0.09800032  0.11426686  0.100608    0.09837524\n",
      "   0.09244268  0.0928293   0.09328811  0.09787195]\n",
      " [ 0.10775932  0.10477222  0.0934854   0.10223208  0.10047265  0.08962148\n",
      "   0.08864807  0.10822955  0.10475757  0.10002168]\n",
      " [ 0.10172477  0.08931373  0.10365747  0.10621087  0.10141855  0.10398638\n",
      "   0.08852705  0.09763516  0.10280472  0.1047212 ]\n",
      " [ 0.10216827  0.10297621  0.09443348  0.11381099  0.10141531  0.08850167\n",
      "   0.10320884  0.09642985  0.10169394  0.09536146]\n",
      " [ 0.10999594  0.10374264  0.09695071  0.10457002  0.10089418  0.09283428\n",
      "   0.0919954   0.10196027  0.09646773  0.10058881]\n",
      " [ 0.09813482  0.09900896  0.10153839  0.09815989  0.09739518  0.10685945\n",
      "   0.08568708  0.10155495  0.1093428   0.10231853]\n",
      " [ 0.10297048  0.10229149  0.10287532  0.09844095  0.10658675  0.09387484\n",
      "   0.08936783  0.0964822   0.10530952  0.10180054]\n",
      " [ 0.10305646  0.10180368  0.10188439  0.09971175  0.11009604  0.08350177\n",
      "   0.08782728  0.10263511  0.11120934  0.09827419]\n",
      " [ 0.11799166  0.10521661  0.10485295  0.10795923  0.10677167  0.08623637\n",
      "   0.08693036  0.1003799   0.09570329  0.08795794]\n",
      " [ 0.1011649   0.10358706  0.1001537   0.09839949  0.11877826  0.08965465\n",
      "   0.09159556  0.09698966  0.09589171  0.10378495]\n",
      " [ 0.10104365  0.09671004  0.11404677  0.10092768  0.09900152  0.10551578\n",
      "   0.07817183  0.10277174  0.09519001  0.10662094]\n",
      " [ 0.09498967  0.10915426  0.0992533   0.10326946  0.09900503  0.09666845\n",
      "   0.09540001  0.09565419  0.09838495  0.10822068]\n",
      " [ 0.11003225  0.10317082  0.10853154  0.11434887  0.09412441  0.09566427\n",
      "   0.08278346  0.08765785  0.10466649  0.09902008]\n",
      " [ 0.10278887  0.10173433  0.09894197  0.10551191  0.09591659  0.09433529\n",
      "   0.09160731  0.10175047  0.09988351  0.10752983]\n",
      " [ 0.10943614  0.09852162  0.10057002  0.09673396  0.10884791  0.08388735\n",
      "   0.08226894  0.09990402  0.1164156   0.10341435]\n",
      " [ 0.1001616   0.09976444  0.10558204  0.10646122  0.08981346  0.09650155\n",
      "   0.08776535  0.10109839  0.10532799  0.10752393]\n",
      " [ 0.11844967  0.09933012  0.09776602  0.10649072  0.10799627  0.0955988\n",
      "   0.09242561  0.09207155  0.09553703  0.09433424]\n",
      " [ 0.09452217  0.10052045  0.10000674  0.10696444  0.10252964  0.10622553\n",
      "   0.10057909  0.09850516  0.09412935  0.09601749]\n",
      " [ 0.09801455  0.10556952  0.11051413  0.10891384  0.11973755  0.08604717\n",
      "   0.08825802  0.08808963  0.09295525  0.10190039]\n",
      " [ 0.09156244  0.11601163  0.11644343  0.09406494  0.10549491  0.08495785\n",
      "   0.09386332  0.09985729  0.10117606  0.0965682 ]\n",
      " [ 0.10588452  0.0912114   0.11440003  0.10359134  0.10909837  0.09151775\n",
      "   0.07734552  0.09955484  0.10153566  0.10586064]\n",
      " [ 0.09911643  0.10907712  0.10041346  0.10312145  0.09561058  0.09649041\n",
      "   0.08749602  0.09431964  0.10604238  0.10831258]\n",
      " [ 0.10322548  0.10491297  0.10304721  0.10712589  0.098767    0.09241524\n",
      "   0.09484513  0.09893508  0.09544662  0.10127936]\n",
      " [ 0.10271133  0.10219554  0.10061359  0.10158847  0.10169975  0.10340193\n",
      "   0.09131893  0.0965654   0.09840155  0.10150351]\n",
      " [ 0.10492481  0.11550215  0.10223745  0.09904224  0.1024628   0.0948591\n",
      "   0.08970985  0.0944486   0.10160577  0.09520722]\n",
      " [ 0.09836172  0.10094154  0.10016146  0.10190176  0.10812832  0.09595537\n",
      "   0.10549723  0.10983223  0.08658909  0.09263137]\n",
      " [ 0.10605289  0.0980335   0.1075122   0.10866289  0.10450365  0.09081839\n",
      "   0.09722278  0.09389062  0.09875117  0.09455193]\n",
      " [ 0.10739458  0.09341949  0.10181992  0.11656141  0.09914543  0.08892696\n",
      "   0.08399368  0.0965346   0.09984341  0.1123606 ]\n",
      " [ 0.10214891  0.09615988  0.08856239  0.10317328  0.0999527   0.10039101\n",
      "   0.09783478  0.11185138  0.09483887  0.10508678]\n",
      " [ 0.10881235  0.11135113  0.10260899  0.09538673  0.09679994  0.09455569\n",
      "   0.0899066   0.08982763  0.10061304  0.11013789]\n",
      " [ 0.10181317  0.10193685  0.10844576  0.10159694  0.1059368   0.09977461\n",
      "   0.09568084  0.09531548  0.09536098  0.09413864]\n",
      " [ 0.10464157  0.10521163  0.0969891   0.09660122  0.10546522  0.09507931\n",
      "   0.09109088  0.10983566  0.10255724  0.09252814]\n",
      " [ 0.10510416  0.09299597  0.09280075  0.10859086  0.10307049  0.09364954\n",
      "   0.08186153  0.09295292  0.11636917  0.11260454]\n",
      " [ 0.10128262  0.10305395  0.10124356  0.11033031  0.09804787  0.08928912\n",
      "   0.10408919  0.09329455  0.09160925  0.10775958]\n",
      " [ 0.09476568  0.1050197   0.10481896  0.11341831  0.11545078  0.09509162\n",
      "   0.07898718  0.09023146  0.10170606  0.10051033]\n",
      " [ 0.09587558  0.10093932  0.10282251  0.11198452  0.10922605  0.09533042\n",
      "   0.09530329  0.09240375  0.0948019   0.10131274]\n",
      " [ 0.10826086  0.09843695  0.10264559  0.10993786  0.10613907  0.09531409\n",
      "   0.08604547  0.10192944  0.08768804  0.10360263]\n",
      " [ 0.12473949  0.10288858  0.09860652  0.09400205  0.10780088  0.09475203\n",
      "   0.08885489  0.09025741  0.10237818  0.09571994]\n",
      " [ 0.10201316  0.09740658  0.09637468  0.10397591  0.09683037  0.09820031\n",
      "   0.08701708  0.11031367  0.10445102  0.10341731]\n",
      " [ 0.0985905   0.10665722  0.10942154  0.10261013  0.11430134  0.09649267\n",
      "   0.08466919  0.08559059  0.10859343  0.09307346]\n",
      " [ 0.09195507  0.12054848  0.10866695  0.11495566  0.10431675  0.09448954\n",
      "   0.08234303  0.09183465  0.09200899  0.09888092]\n",
      " [ 0.09992635  0.097247    0.0914427   0.12051015  0.10887022  0.08828814\n",
      "   0.08635986  0.09557211  0.10655962  0.10522386]\n",
      " [ 0.10552884  0.09059396  0.1083928   0.1014184   0.11068802  0.09977938\n",
      "   0.09648638  0.08806476  0.09433233  0.1047151 ]\n",
      " [ 0.11088315  0.1026574   0.10178317  0.10125799  0.10332558  0.09625307\n",
      "   0.09076382  0.09455919  0.10076262  0.09775401]\n",
      " [ 0.10235015  0.10761578  0.0965608   0.10283783  0.11610699  0.09182024\n",
      "   0.08730076  0.10141227  0.09881618  0.0951791 ]\n",
      " [ 0.1035464   0.10798478  0.0953198   0.10919292  0.09469618  0.08881286\n",
      "   0.09642275  0.09851473  0.10047366  0.10503592]\n",
      " [ 0.10742255  0.09384675  0.10420691  0.11688784  0.10036331  0.08551715\n",
      "   0.1050813   0.10496085  0.08815005  0.09356338]\n",
      " [ 0.10069089  0.09858993  0.09627058  0.1058776   0.10566033  0.08119468\n",
      "   0.09185125  0.10853979  0.10248469  0.10884029]\n",
      " [ 0.09570568  0.10715907  0.09167706  0.10733301  0.10475436  0.08400094\n",
      "   0.08832064  0.1019856   0.10366033  0.11540329]\n",
      " [ 0.10181106  0.11402705  0.11231157  0.11556204  0.10288612  0.09551119\n",
      "   0.08136901  0.09064654  0.09744284  0.08843254]\n",
      " [ 0.11072136  0.10875793  0.10386625  0.1014428   0.10000867  0.10001244\n",
      "   0.08333458  0.09814932  0.09753174  0.09617485]\n",
      " [ 0.10140453  0.102313    0.11436249  0.09726183  0.11395562  0.09777369\n",
      "   0.09552409  0.08471685  0.10110202  0.09158595]\n",
      " [ 0.10874189  0.11417234  0.0951046   0.09718304  0.09710346  0.09372521\n",
      "   0.08517998  0.09625933  0.10381329  0.10871685]\n",
      " [ 0.10203993  0.11502841  0.09784875  0.10934808  0.10548163  0.09106264\n",
      "   0.08906785  0.09377649  0.10093318  0.09541304]\n",
      " [ 0.11154684  0.09132616  0.10704462  0.09824796  0.10292372  0.09501482\n",
      "   0.09143402  0.0994837   0.10780704  0.09517121]\n",
      " [ 0.11134471  0.10174733  0.09882028  0.09239916  0.11230289  0.10251468\n",
      "   0.08994488  0.09485947  0.09276316  0.10330345]\n",
      " [ 0.10415486  0.10542715  0.10474402  0.10090528  0.10044312  0.09798196\n",
      "   0.08849886  0.09705329  0.09960395  0.10118746]\n",
      " [ 0.10967294  0.09579757  0.10124894  0.09303846  0.10835812  0.10603657\n",
      "   0.08726206  0.09218919  0.09588317  0.11051296]\n",
      " [ 0.10145418  0.1008658   0.10452936  0.09652161  0.11292735  0.0809134\n",
      "   0.08897755  0.10635607  0.11366697  0.09378774]\n",
      " [ 0.1059405   0.09455036  0.09414454  0.10374844  0.10610486  0.09332992\n",
      "   0.09302807  0.09641311  0.10682503  0.10591521]\n",
      " [ 0.10210411  0.10630954  0.09909349  0.10047348  0.10773328  0.08888927\n",
      "   0.09756618  0.09888174  0.10686091  0.09208802]\n",
      " [ 0.10251871  0.09739976  0.11532248  0.10524735  0.11720979  0.07800795\n",
      "   0.07873415  0.08589406  0.11798714  0.10167859]\n",
      " [ 0.09666479  0.10565601  0.10470705  0.10937157  0.11550254  0.08827168\n",
      "   0.09112046  0.1024723   0.09598292  0.09025069]\n",
      " [ 0.10001728  0.11063608  0.09714156  0.09373885  0.09617427  0.08903173\n",
      "   0.08482789  0.1053102   0.1076769   0.11544522]\n",
      " [ 0.10217583  0.08514006  0.11534291  0.11643728  0.1155996   0.0920798\n",
      "   0.07828642  0.09707031  0.09658848  0.10127939]\n",
      " [ 0.10125487  0.09520151  0.09746978  0.11192511  0.09825     0.09105845\n",
      "   0.09196281  0.10449395  0.10436802  0.10401554]\n",
      " [ 0.0887861   0.09569024  0.10684948  0.10960979  0.1089571   0.09687822\n",
      "   0.08863109  0.1009464   0.09974425  0.10390736]\n",
      " [ 0.09643158  0.09516771  0.10149486  0.11637207  0.1120952   0.08478643\n",
      "   0.08863884  0.09003508  0.11034212  0.10463613]\n",
      " [ 0.09644052  0.1024133   0.10303742  0.09632763  0.09890968  0.09100436\n",
      "   0.09022219  0.10129482  0.11396363  0.10638636]\n",
      " [ 0.10134555  0.10492478  0.11354712  0.10104501  0.11342631  0.08617091\n",
      "   0.08235493  0.0905962   0.09501127  0.11157791]\n",
      " [ 0.10154254  0.09014326  0.10383214  0.10916672  0.10421491  0.10844096\n",
      "   0.0847735   0.09872265  0.09861623  0.10054709]\n",
      " [ 0.09998942  0.09815662  0.10698637  0.12383938  0.10370053  0.0961691\n",
      "   0.09229629  0.09627     0.09640566  0.08618655]\n",
      " [ 0.10244205  0.10537428  0.10116107  0.10749645  0.09207615  0.09522647\n",
      "   0.0966634   0.10294812  0.09417538  0.10243669]\n",
      " [ 0.11523622  0.1041421   0.10501951  0.11654895  0.10959225  0.08374134\n",
      "   0.07668537  0.08902422  0.10342347  0.09658652]\n",
      " [ 0.10105184  0.09213305  0.10005466  0.11204273  0.11240988  0.09434282\n",
      "   0.0913902   0.08369723  0.10185817  0.11101952]\n",
      " [ 0.10765023  0.09786677  0.09200286  0.11689875  0.09613411  0.10136455\n",
      "   0.10297336  0.1018063   0.0880204   0.09528273]\n",
      " [ 0.10836148  0.10364859  0.10596734  0.11280384  0.10180195  0.0987111\n",
      "   0.0784202   0.08610818  0.10597984  0.09819749]\n",
      " [ 0.11151259  0.11094447  0.09351077  0.10471765  0.10012034  0.09976186\n",
      "   0.09169595  0.09279042  0.09890611  0.09603982]\n",
      " [ 0.1004349   0.08717351  0.11215295  0.09485218  0.11371888  0.09058189\n",
      "   0.09770089  0.09621426  0.10241263  0.10475794]\n",
      " [ 0.10674673  0.10080229  0.10082545  0.10618851  0.11070327  0.09459915\n",
      "   0.08141239  0.10022572  0.10630087  0.09219564]\n",
      " [ 0.10883499  0.09963987  0.10228595  0.10887318  0.09085578  0.09992661\n",
      "   0.08509331  0.10044504  0.09705171  0.10699355]\n",
      " [ 0.09958482  0.10788155  0.10840104  0.10456137  0.10404865  0.08724999\n",
      "   0.0880193   0.10721936  0.09396338  0.09907065]\n",
      " [ 0.1039902   0.09208563  0.11506934  0.10416156  0.10080829  0.09191491\n",
      "   0.08128519  0.10223778  0.09963163  0.10881545]\n",
      " [ 0.10342265  0.10102533  0.0982375   0.11170983  0.10282917  0.09588958\n",
      "   0.08537046  0.10028967  0.10712525  0.09410053]\n",
      " [ 0.11294723  0.10153981  0.10596523  0.12014142  0.09432732  0.08155746\n",
      "   0.08122478  0.1045941   0.09167557  0.10602711]\n",
      " [ 0.0974127   0.10464081  0.10808689  0.11186111  0.10550562  0.09276893\n",
      "   0.09186336  0.0858416   0.10419442  0.09782442]\n",
      " [ 0.10055339  0.10301053  0.09986031  0.09283014  0.10799658  0.09717514\n",
      "   0.08540774  0.10710699  0.10403182  0.10202736]\n",
      " [ 0.10276093  0.1050005   0.09953485  0.10052893  0.09703406  0.09232341\n",
      "   0.09207528  0.10990272  0.09919223  0.10164713]\n",
      " [ 0.10558154  0.09917752  0.09265536  0.11620242  0.09522678  0.09579053\n",
      "   0.08761569  0.10936527  0.09909151  0.09929337]] (8.864 sec)\n"
     ]
    },
    {
     "name": "stdout",
     "output_type": "stream",
     "text": [
      "INFO:tensorflow:global_step/sec: 5.62116\n",
      "INFO:tensorflow:probabilities = [[ 0.10576496  0.09792098  0.10537881  0.1005801   0.10213211  0.10266059\n",
      "   0.08296392  0.09935506  0.10527263  0.09797078]\n",
      " [ 0.10148425  0.10281023  0.10059688  0.10490666  0.09824985  0.09482019\n",
      "   0.08834364  0.09995925  0.10249689  0.10633225]\n",
      " [ 0.10638218  0.11181649  0.09368988  0.09741639  0.09327611  0.09761833\n",
      "   0.09318215  0.10352553  0.10243234  0.10066054]\n",
      " [ 0.10185232  0.10726716  0.10206947  0.11370553  0.09604251  0.10107174\n",
      "   0.08355077  0.0938262   0.0990686   0.10154569]\n",
      " [ 0.09715903  0.10394699  0.10639323  0.09847227  0.10191846  0.10422598\n",
      "   0.09123114  0.09382991  0.10296703  0.09985594]\n",
      " [ 0.10194194  0.10037152  0.10880196  0.10216255  0.1109364   0.09732692\n",
      "   0.09695471  0.09254553  0.0924423   0.09651617]\n",
      " [ 0.10857399  0.09217077  0.11772611  0.12607101  0.09967333  0.09382467\n",
      "   0.08619177  0.0814878   0.10340286  0.09087774]\n",
      " [ 0.0982636   0.10519157  0.09732827  0.10379563  0.09963138  0.08743364\n",
      "   0.10182149  0.10245947  0.10077732  0.10329765]\n",
      " [ 0.10503902  0.09661862  0.09533507  0.11130286  0.11024361  0.09896739\n",
      "   0.08932874  0.09187292  0.10537958  0.09591223]\n",
      " [ 0.10403857  0.09665351  0.11159737  0.10909864  0.1053952   0.10675863\n",
      "   0.09196652  0.09349168  0.0933145   0.08768544]\n",
      " [ 0.11568327  0.09386999  0.09898637  0.08942786  0.10704258  0.09776756\n",
      "   0.08310007  0.09357196  0.11082873  0.10972156]\n",
      " [ 0.0925281   0.10145592  0.10906038  0.1012595   0.09953255  0.09154764\n",
      "   0.09362794  0.10645004  0.09864478  0.10589319]\n",
      " [ 0.10526305  0.09944019  0.10443009  0.1188773   0.09441664  0.08818244\n",
      "   0.08681443  0.10375915  0.09813164  0.10068509]\n",
      " [ 0.09875871  0.10129691  0.11548232  0.10879908  0.12536854  0.07482556\n",
      "   0.08678641  0.08820996  0.09479714  0.10567538]\n",
      " [ 0.10287983  0.10551195  0.10155324  0.10519456  0.11238446  0.09106711\n",
      "   0.08766564  0.10124406  0.0960286   0.09647053]\n",
      " [ 0.1102388   0.1077993   0.09363873  0.10741104  0.09399706  0.09503599\n",
      "   0.08749273  0.10575379  0.09715499  0.10147751]\n",
      " [ 0.1014537   0.10700653  0.09399592  0.10567373  0.10906412  0.10331179\n",
      "   0.08211869  0.09485121  0.1011572   0.10136712]\n",
      " [ 0.09570144  0.10627875  0.10137837  0.09802371  0.10525072  0.0928414\n",
      "   0.08854201  0.09011631  0.10491472  0.11695258]\n",
      " [ 0.1041703   0.0976735   0.09856147  0.10441414  0.10621342  0.08804064\n",
      "   0.0931707   0.10384724  0.09395102  0.10995758]\n",
      " [ 0.09944116  0.09325756  0.12377787  0.11726022  0.10915228  0.09127621\n",
      "   0.08670644  0.09591573  0.09008428  0.09312832]\n",
      " [ 0.10715128  0.0940184   0.11329677  0.10137906  0.09907851  0.09296697\n",
      "   0.07903335  0.09656619  0.10614318  0.11036619]\n",
      " [ 0.09864198  0.10888804  0.10412652  0.09595869  0.10615906  0.0821187\n",
      "   0.08885135  0.09010793  0.10990566  0.1152421 ]\n",
      " [ 0.09804153  0.09128802  0.09798306  0.10266724  0.11245984  0.09527218\n",
      "   0.09995389  0.09094238  0.10985491  0.10153697]\n",
      " [ 0.10257816  0.11306133  0.09014811  0.10490139  0.09711882  0.09509294\n",
      "   0.08567172  0.11129081  0.1073944   0.09274238]\n",
      " [ 0.09611776  0.0994446   0.09489889  0.09914888  0.09646241  0.10901829\n",
      "   0.07861039  0.10980637  0.10922555  0.10726686]\n",
      " [ 0.10426616  0.0936194   0.09742207  0.11039321  0.10703051  0.08927815\n",
      "   0.1034827   0.09666455  0.09745552  0.10038769]\n",
      " [ 0.09882131  0.10891476  0.09801282  0.1040818   0.11080818  0.08364831\n",
      "   0.09171026  0.09706341  0.10172284  0.10521638]\n",
      " [ 0.11950314  0.09996799  0.11704364  0.10318827  0.09713109  0.08768141\n",
      "   0.09505368  0.089144    0.09542365  0.09586317]\n",
      " [ 0.10893834  0.10525899  0.10174683  0.10368194  0.10540251  0.09060724\n",
      "   0.08632495  0.10192251  0.10123058  0.09488609]\n",
      " [ 0.10732254  0.10903472  0.09891429  0.10220306  0.10656895  0.08723994\n",
      "   0.0964939   0.08900906  0.10719005  0.09602349]\n",
      " [ 0.1118688   0.11527161  0.10571747  0.10509214  0.09197927  0.09191096\n",
      "   0.08408764  0.09689745  0.09481455  0.10236011]\n",
      " [ 0.10357188  0.11372822  0.10818893  0.10552627  0.10749414  0.08350739\n",
      "   0.08056585  0.09081589  0.10273456  0.10386689]\n",
      " [ 0.11249641  0.10456789  0.11523137  0.10161506  0.09672643  0.08768231\n",
      "   0.08460949  0.08972783  0.10436212  0.10298114]\n",
      " [ 0.10388425  0.09121348  0.10667106  0.11320282  0.11190029  0.08878683\n",
      "   0.08215162  0.09067101  0.10802006  0.10349853]\n",
      " [ 0.09409866  0.10670034  0.09223364  0.10603493  0.09586497  0.09608168\n",
      "   0.08756227  0.09668745  0.11107615  0.11366   ]\n",
      " [ 0.1094371   0.09000526  0.11181143  0.12132836  0.10297616  0.08489807\n",
      "   0.08904158  0.08562423  0.10204975  0.1028281 ]\n",
      " [ 0.09236383  0.09857626  0.1040688   0.11753861  0.11973989  0.08749024\n",
      "   0.08718921  0.09038819  0.10388532  0.09875961]\n",
      " [ 0.1022279   0.10348178  0.09331612  0.10747193  0.09490875  0.10253172\n",
      "   0.09073889  0.10914783  0.09582515  0.10034993]\n",
      " [ 0.10562326  0.10316942  0.10703817  0.10989459  0.09903903  0.0841393\n",
      "   0.09687063  0.10484598  0.09684051  0.09253913]\n",
      " [ 0.10272611  0.1006299   0.09999414  0.10693618  0.12284043  0.08467071\n",
      "   0.0806767   0.08978387  0.10924444  0.1024976 ]\n",
      " [ 0.09754066  0.10122774  0.11486741  0.10180736  0.11318891  0.08878911\n",
      "   0.10106602  0.09122639  0.09100168  0.09928472]\n",
      " [ 0.10691982  0.09201533  0.10071827  0.10939463  0.10732826  0.09722995\n",
      "   0.08634508  0.09005947  0.10953228  0.10045691]\n",
      " [ 0.09535167  0.11034818  0.09357889  0.10685084  0.10404377  0.09446029\n",
      "   0.09643088  0.10989495  0.08871084  0.10032961]\n",
      " [ 0.10097684  0.09986591  0.10416356  0.09897533  0.11186355  0.10009699\n",
      "   0.08460025  0.08998217  0.10592856  0.1035469 ]\n",
      " [ 0.09987137  0.10877609  0.10213317  0.10336126  0.10514819  0.08710006\n",
      "   0.08967113  0.10095389  0.10447887  0.09850597]\n",
      " [ 0.10473542  0.10045406  0.09734524  0.10780799  0.10103081  0.09052891\n",
      "   0.08189408  0.09924988  0.10137254  0.11558106]\n",
      " [ 0.10466788  0.08911712  0.10205461  0.10354333  0.09560061  0.09396252\n",
      "   0.09997354  0.1084705   0.10376748  0.09884234]\n",
      " [ 0.10334351  0.09959572  0.0974432   0.11686015  0.10061952  0.09082465\n",
      "   0.08440224  0.09917578  0.09304057  0.11469463]\n",
      " [ 0.11437932  0.09364557  0.10037199  0.11890582  0.11580326  0.09671583\n",
      "   0.08873174  0.08704937  0.09406074  0.09033633]\n",
      " [ 0.10682485  0.09488379  0.12110739  0.10968844  0.0985439   0.09037937\n",
      "   0.08697855  0.09673661  0.08477997  0.11007707]\n",
      " [ 0.09642738  0.11649215  0.10371097  0.10663689  0.12361525  0.08528534\n",
      "   0.09758656  0.0942838   0.09258088  0.08338074]\n",
      " [ 0.09537138  0.11028475  0.09381133  0.09224777  0.10100671  0.09224544\n",
      "   0.08495262  0.09616558  0.11082939  0.12308504]\n",
      " [ 0.0958994   0.09577215  0.0975721   0.09695287  0.10745871  0.08986363\n",
      "   0.08919906  0.10687467  0.10570074  0.1147067 ]\n",
      " [ 0.10468352  0.10374987  0.09356568  0.11244547  0.10046317  0.0974862\n",
      "   0.09210477  0.09778474  0.09819183  0.09952469]\n",
      " [ 0.10799342  0.09951436  0.10323837  0.10585602  0.08827609  0.08854402\n",
      "   0.08807902  0.10465133  0.09978747  0.11405988]\n",
      " [ 0.09891022  0.09372721  0.11429148  0.11433135  0.11318193  0.08209677\n",
      "   0.09125251  0.0962904   0.09325083  0.10266722]\n",
      " [ 0.10753573  0.08713814  0.10990052  0.10048166  0.10351134  0.09961995\n",
      "   0.09333026  0.09493554  0.09592661  0.10762028]\n",
